66.9711596537
66.9711596537
66.9711596537
66.9711596537
66.9711596537
66.9711596537
66.9711596537
66.9711596537
66.9711596537
66.9711596537
66.9711596537
66.9711596537
66.9711596537
66.9711596537
66.9711596537
66.9711596537
66.9711596537
66.9711596537
66.9711596537
66.9711596537
66.9711596537
66.9711596537
66.9711596537
66.9711596537
66.9711596537
66.9711596537
66.9711596537
66.9711596537
66.9711596537
66.9711596537
66.9711596537
66.9711596537
66.9711596537
66.9711596537
66.9711596537
66.9711596537
66.9711596537
66.9711596537
66.9711596537
66.9709081705
66.9202588999
66.8702358897
66.8200681985
66.7692767754
66.7191115746
66.6683578098
66.6176234817
66.5675159831
66.5168199207
66.4661426875
66.4160922839
66.3660607096
66.3153579658
66.2651672545
66.2143879792
66.1642355336
66.1134951315
66.0627735586
66.0126788153
65.9619961156
65.9113328524
65.8612958115
65.8112411562
65.7604388
65.7102663104
65.6595003978
65.609366174
65.5586427789
65.5079376056
65.4578580471
65.4071893174
65.3571522765
65.3071091616
65.2563068055
65.2055226711
65.1553702255
65.1046225346
65.0545065326
65.0038013593
64.9531144078
64.9030591451
64.8524147111
64.8023533745
64.7521644853
64.7013803509
64.6506205122
64.6004862884
64.5497689672
64.499671187
64.4489903094
64.3983276536
64.3482906127
64.2981989064
64.2474026241
64.1972319567
64.146478192
64.0957426491
64.0456387949
63.9949396955
63.9442648919
63.8942157031
63.8441847361
63.7934188235
63.7432420822
63.6924761696
63.6417284787
63.5916064028
63.5409012295
63.490214278
63.4401529413
63.3895085073
63.3394289489
63.2892400597
63.2384680732
63.1883217015
63.1375861586
63.0868688374
63.036783205
62.9861084014
62.9354578935
62.8854269265
62.8352380373
62.7844599768
62.7343075312
62.6835659143
62.6328425192
62.5827508129
62.5320699354
62.4814133535
62.4313823865
62.381223867
62.3304397326
62.280287287
62.2295395962
62.1788162011
62.1287244948
62.0780436172
62.0273809614
61.9773439205
61.9272096967
61.8764194883
61.8262609688
61.7755254258
61.7248020308
61.6747042505
61.6240233729
61.5733667911
61.5233297502
61.4731773046
61.4223992441
61.3722407246
61.3214991077
61.2707817865
61.2206900802
61.1700092026
61.1193526208
61.0693216538
61.0191388385
60.9683607781
60.9182144064
60.8674727895
60.8167615423
60.7666759099
60.7160011063
60.6653505983
60.6152771138
60.5650882246
60.514322312
60.4635746212
60.4134525453
60.362747372
60.3120664944
60.2620051578
60.2119681168
60.1612143521
60.1110436847
60.0602777721
60.0095422291
59.959438375
59.9087392756
59.858064472
59.8080213571
59.7579417987
59.7071455164
59.6563796038
59.60624538
59.5555219849
59.5054181307
59.4547433271
59.4040806713
59.3540497043
59.3038608151
59.2530888286
59.2023350638
59.1522129879
59.1015017407
59.0508208631
59.0007595264
58.9501150924
58.8999565729
58.8491845864
58.7990321408
58.7482965978
58.6975914245
58.6475057921
58.5968370624
58.5467939476
58.4960462568
58.4458816633
58.3951218246
58.3449936747
58.2942824275
58.243595476
58.1929206723
58.1428775575
58.0927372597
58.0419591993
57.9918128276
57.9410772847
57.8903660374
57.840286479
57.7896238232
57.7395807083
57.6888087218
57.6386441283
57.5878903636
57.5371608946
57.4870631143
57.4363822368
57.385719581
57.3356643183
57.285481503
57.2347155904
57.1839557517
57.1338579715
57.0831467243
57.0324719206
56.9824288058
56.9317114846
56.8815529651
56.8307809785
56.7806589026
56.7299476554
56.6792424821
56.6291993672
56.5785488593
56.5283781919
56.4776122793
56.4274598337
56.3767546604
56.3260434131
56.2759699286
56.2253194207
56.1752094926
56.12444358
56.0742850605
56.0235555915
55.9728443442
55.9227526379
55.87210213
55.8220347194
55.7712627329
55.7204968203
55.6703625965
55.6196513492
55.5689461759
55.5188909132
55.4682404053
55.4180818858
55.3673159732
55.3171696015
55.2664583543
55.215753181
55.1656857704
55.1150352625
55.0649010386
55.014135126
54.9639766065
54.9132714332
54.862560186
54.8124867015
54.7618301196
54.7117201915
54.6609421311
54.6101640706
54.5600541425
54.5094582999
54.4589231967
54.4085095721
54.3581566868
54.3076215835
54.2570864803
54.2066728557
54.1561377524
54.1056026492
54.0553105032
54.0048361392
53.954301036
53.9038266721
53.8533523081
53.8028172049
53.7522821017
53.7020506949
53.6515155917
53.6009804885
53.5505061245
53.4999710213
53.4494966574
53.3989615541
53.3487301474
53.2981950442
53.2476599409
53.197185577
53.1466504738
53.0961761098
53.0457017459
52.9954095999
52.9448744966
52.8943393934
52.8438042902
52.7933299262
52.7428555623
52.692502677
52.6420283131
52.5914932098
52.5410188459
52.4904837426
52.4399486394
52.3894742755
52.3391213901
52.2886470262
52.2381726623
52.187637559
52.1371024558
52.0865673526
52.0362752066
51.9858008426
51.9352657394
51.8847306361
51.8341955329
51.783721169
51.7333682836
51.6828939197
51.6324195558
51.5818237132
51.5314100886
51.4808749854
51.4304006214
51.3800477361
51.3295126329
51.2790382689
51.2285031657
51.1779680625
51.1274329592
51.0770800739
51.02660571
50.9760706067
50.9255962428
50.8750611396
50.8245260363
50.774173151
50.7236987871
50.6731636838
50.6226893199
50.5721542167
50.5216191134
50.4713269674
50.4207918642
50.3702567609
50.3197216577
50.2692472938
50.2187729298
50.1683593052
50.1178849413
50.067349838
50.0168754741
49.9663403709
49.9158052676
49.8654523823
49.8149172791
49.7644429151
49.7139078119
49.6633727086
49.6128983447
49.5624847201
49.5119496168
49.4614752529
49.4109401497
49.3604657857
49.3100521611
49.2595777972
49.2090426939
49.1585075907
49.1079724875
49.0574981235
49.0070844989
48.956610135
48.9060750317
48.8555399285
48.8050655646
48.7545912006
48.7041168367
48.6536424728
48.6031073695
48.5526330056
48.502037163
48.4516842777
48.4011491745
48.3506748106
48.3001397073
48.2496046041
48.1991302401
48.1487166155
48.0981815123
48.047646409
47.9971113058
47.9466369419
47.8961625779
47.845688214
47.7951531108
47.7446180075
47.6941436436
47.643730019
47.5931949157
47.5426598125
47.4921854485
47.4416503453
47.3911152421
47.3407016174
47.2901665142
47.2396921503
47.189157047
47.1386219438
47.0882083192
47.0376732159
46.987198852
46.9366637488
46.8861286455
46.8356542816
46.7851799176
46.7347055537
46.6841704505
46.6336353472
46.5832217226
46.5326866194
46.4821515161
46.4316164129
46.381142049
46.330667685
46.2801325818
46.2295974785
46.1791231146
46.1285880114
46.0781136474
46.0275785442
45.9771041803
45.926569077
45.8760339738
45.8255596099
45.7750852459
45.7245501427
45.6740757788
45.6235406755
45.5730663116
45.5225312083
45.4719961051
45.4215217412
45.3709866379
45.320512274
45.2699771708
45.2194420675
45.1689677036
45.1184326003
45.0679582364
45.0174231332
44.9668880299
44.916413666
44.8659393021
44.8154041988
44.7648690956
44.7143947317
44.6638596284
44.6133245252
44.5628501612
44.512315058
44.4617799548
44.4113055908
44.3607704876
44.3102353844
44.2597610204
44.2092866565
44.1587515532
44.10821645
44.0577420861
44.0072069828
43.9566718796
43.9061975157
43.8557231517
43.8051880485
43.7546529453
43.7041785813
43.6536434781
43.6031083748
43.5526340109
43.5020989077
43.4515638044
43.4010894405
43.3505543373
43.300019234
43.2495448701
43.1990097668
43.1485354029
43.0980002997
43.0475259357
42.9969908325
42.9465164686
42.8959813653
42.8455070014
42.7949718982
42.7444367949
42.6939016917
42.6433665884
42.5928922245
42.5423571213
42.4918827573
42.4413476541
42.3908732902
42.3403381869
42.289863823
42.2393287197
42.1887936165
42.1383192526
42.0877841493
42.0373097854
41.9867746822
41.9363003182
41.885765215
41.8352301118
41.7847557478
41.7342206446
41.6836855413
41.6332111774
41.5826760742
41.5322017102
41.481666607
41.4311315038
41.3806571398
41.3301220366
41.2795869333
41.2291125694
41.1785774662
41.1281031022
41.077567999
41.0270936351
40.9765585318
40.9260234286
40.8755490647
40.8250139614
40.7744788582
40.7240044942
40.673469391
40.6229342878
40.5724599238
40.5219855599
40.4714504567
40.4209153534
40.3704409895
40.3199058862
40.2694315223
40.2188964191
40.1683613158
40.1178869519
40.0673518487
40.0168167454
39.9663423815
39.9158072783
39.865272175
39.8147978111
39.7642627078
39.7137883439
39.66331398
39.6127788767
39.5622437735
39.5117086703
39.4612343063
39.4106992031
39.3601640998
39.3096897359
39.2591546327
39.2086802687
39.1581451655
39.1076708016
39.0571356983
39.0066613344
38.9561262312
38.9055911279
38.8550560247
38.8045816607
38.7542287754
38.7038758901
38.6534015262
38.6028664229
38.5526350162
38.5021606523
38.4516862884
38.401333403
38.3509805177
38.3005061538
38.2500317899
38.1997396438
38.1492652799
38.098790916
38.0484380307
37.9980851453
37.9475500421
37.8971364175
37.8468442715
37.7963699075
37.7458348043
37.6955426583
37.6451290337
37.5946546697
37.5443017844
37.4939488991
37.4434137958
37.3930001712
37.3427080252
37.2922336613
37.241698558
37.1914671513
37.1409927874
37.0904576842
37.0401655381
36.9897519135
36.9392775496
36.8889246643
36.8385717789
36.7880366757
36.7376230511
36.6873309051
36.6367958018
36.5863821772
36.5360900312
36.4856156673
36.435080564
36.3848491573
36.3343747934
36.2838396901
36.2335475441
36.1831339195
36.1325988163
36.0823066702
36.0318930456
35.9813579424
35.9310657964
35.8806521717
35.8301170685
35.7798249225
35.7294112979
35.6788761946
35.6285840486
35.578170424
35.5276353207
35.4773431747
35.4269295501
35.3763944469
35.3261023009
35.2756279369
35.225153573
35.174861427
35.124387063
35.0739126991
35.0236205531
34.9731461892
34.9226718252
34.8723796792
34.821844576
34.7714309514
34.7211388053
34.6706037021
34.6202508168
34.5698371922
34.5193628282
34.4690099429
34.4185963183
34.368061215
34.3178298083
34.2672947051
34.2168810805
34.1665889345
34.1160538312
34.0656402066
34.0152873213
33.964752218
33.914460072
33.8639857081
33.8135113442
33.7632191981
33.7127448342
33.6623312096
33.6119783243
33.561443221
33.5110903357
33.4606767111
33.4102023472
33.3599102011
33.3093750979
33.2590222126
33.208608588
33.1580734847
33.1077813387
33.0573069748
33.0068933501
32.9565404648
32.9060053616
32.8557132156
32.8052388516
32.754825227
32.7044723417
32.6539372385
32.6036450924
32.5531707285
32.5026963646
32.4524042186
32.4018691153
32.3515769693
32.3010418661
32.2506282414
32.2002753561
32.1498009922
32.0995088462
32.0489737429
31.9985601183
31.9481464937
31.8977328691
31.8473799837
31.7969056198
31.7465527345
31.6960783706
31.6456647459
31.5952511213
31.5447767574
31.4944846114
31.4439495081
31.3935966228
31.3431829982
31.2927693736
31.2423557489
31.191881385
31.1415284997
31.0909933964
31.0407012504
30.9902268865
30.9398740012
30.8893996372
30.8389860126
30.788572388
30.7380980241
30.6877451387
30.6372707748
30.5869786288
30.5364435256
30.4860906402
30.4356162763
30.3852026517
30.334789027
30.2843754024
30.2339617778
30.1835481532
30.1331345285
30.0826601646
30.0323072793
29.9817721761
29.93148003
29.8809449268
29.8306527808
29.7801176775
29.7298255315
29.6792904283
29.6289982823
29.578463179
29.5281102937
29.4776359298
29.4272830445
29.3768086805
29.3264557952
29.2759814313
29.225628546
29.175154182
29.1247405574
29.0743269328
29.0239133082
28.9734389442
28.9230860589
28.872611695
28.8222588097
28.7717844457
28.7214315604
28.6708964572
28.6206043112
28.5700692079
28.5197770619
28.4692419587
28.4188890733
28.3684147094
28.3180618241
28.2675874602
28.2171738355
28.1667602109
28.1163465863
28.0659329617
28.0154585977
27.9651057124
27.9146313485
27.8642784631
27.8137433599
27.7633904746
27.7129161107
27.6625632253
27.6121496007
27.5617359761
27.5113223515
27.4608479875
27.4104951022
27.3600207383
27.3096071136
27.259193489
27.2087191251
27.1584269791
27.1078918758
27.0575389905
27.0070646266
26.956651002
26.9062981166
26.8558237527
26.8054708674
26.7549357641
26.7045221395
26.6541692542
26.6036948903
26.553342005
26.5028069017
26.4524540164
26.4020403918
26.3516267671
26.3012131425
26.2507387786
26.200325154
26.1499722686
26.0994979047
26.0490842801
25.9986706555
25.9481962915
25.8977826669
25.8473690423
25.7969554176
25.746541793
25.6960674291
25.6456538045
25.5953009191
25.5448265552
25.4944129306
25.443999306
25.393524942
25.3431720567
25.2927584321
25.2422840681
25.1918704435
25.1414568189
25.0910431943
25.0406295696
24.990215945
24.9396808418
24.8893279565
24.8389750711
24.7885007072
24.7380263433
24.687673458
24.637199094
24.5867854694
24.5363718448
24.4859582201
24.4354838562
24.3850702316
24.3347173463
24.2842429823
24.2338293577
24.1834157331
24.1330021085
24.0825277445
24.0321141199
23.9817004953
23.9312868706
23.8808125067
23.8304596214
23.7800459968
23.7296323721
23.6790972689
23.6286836443
23.578330759
23.5279171343
23.4774427704
23.4269684065
23.3765547818
23.3262018965
23.2757882719
23.225313908
23.174839544
23.1244259194
23.0740730341
23.0236594095
22.9731850455
22.9227106816
22.872297057
22.8219441716
22.771530547
22.7210561831
22.6705818192
22.6201681945
22.5698153092
22.5194016846
22.4689273206
22.4184529567
22.3680393321
22.3176257075
22.2672120828
22.2167984582
22.1663848336
22.1159104697
22.0655575843
22.0150832204
21.9646088565
21.9141952318
21.8637816072
21.8134287219
21.762954358
21.7125407333
21.6621271087
21.6116527448
21.5612391202
21.5108254955
21.4603511316
21.409937507
21.359463143
21.3091102577
21.2586966331
21.2082222692
21.1578086445
21.1073342806
21.0569813953
21.0065677707
20.9560934067
20.9056797821
20.8552054182
20.8047917935
20.7543781689
20.7039645443
20.6535509197
20.6030765557
20.5526629311
20.5022493065
20.4518356818
20.4013613179
20.3509476933
20.3004733294
20.250120444
20.1996460801
20.1492324555
20.0987580915
20.0482837276
19.9979308423
19.9474564784
19.8970428537
19.8465684898
19.7961548652
19.7458019799
19.6953276159
19.6449139913
19.5944396274
19.5440260027
19.4936123781
19.4431987535
19.3927243896
19.3423107649
19.2918971403
19.241544255
19.1910698911
19.1406562664
19.0902426418
19.0398290172
18.9894761319
18.9390017679
18.8885881433
18.8381745187
18.787760894
18.7374080087
18.6869336448
18.6365200202
18.5861063955
18.5356927709
18.4853398856
18.434926261
18.384451897
18.3340382724
18.2836246478
18.2332717625
18.1828581378
18.1324445132
18.0820308886
18.0315565247
17.9812036393
17.9307900147
17.8803763901
17.8299627655
17.7795491408
17.7291962555
17.6787826309
17.628308267
17.5778946423
17.5274810177
17.4771281324
17.4267145078
17.3763008831
17.3258872585
17.2754128946
17.2250600093
17.1746463846
17.12423276
17.0738191354
17.0234055107
16.9730526254
16.9226390008
16.8722253762
16.8218117516
16.7713373876
16.7209845023
16.6705708777
16.620157253
16.5697436284
16.5193300038
16.4689771185
